0 21 8
4 0
-1 1638
1.90286

0 23 8
5 0
-1 1516
2.49505

0 11 6
6 2
-1 231
2.50051

0 6 10
3 0
-1 722
2.52235

0 23 10
2 0
-1 1599
2.51796

0 16 14
1 4
-1 1191
2.94247

0 12 12
2 5
-1 287
3.38121

0 16 14
2 6
-1 765
3.46377

0 22 14
3 0
-1 1681
2.91625

0 16 14
3 3
-1 562
3.57736

0 4 14
2 0
-1 457
2.94731

0 4 16
2 3
-1 179
2.85895

0 5 12
2 6
-1 15
2.87303

0 18 2
6 0
-1 72
2.86384

0 14 10
5 5
-1 7
2.8352

0 14 12
1 8
-1 55
2.8375

0 22 12
5 0
-1 638
2.34133

0 21 10
6 1
-1 370
2.9995

1 8 4
3 10
-1 405
2.1698

1 8 11
1 10
-1 570
2.69377

