1 2 12
0 13
-1 90
1.25407

1 2 20
0 13
-1 90
1.83443

1 4 17
5 12
-1 138
1.60267

1 2 12
9 13
-1 25
1.70292

1 2 20
1 12
-1 40
1.71277

1 2 15
6 12
-1 24
2.48484

1 6 13
4 10
-1 135
2.45656

1 6 15
4 10
-1 141
3.69039

1 6 22
0 10
-1 263
3.57282

1 4 12
9 11
-1 87
3.25115

1 8 16
5 9
-1 218
2.67119

1 6 6
11 11
-1 112
2.87026

1 10 10
3 9
-1 309
2.10394

1 14 8
1 7
-1 575
2.61165

1 16 12
0 6
-1 846
3.56308

1 16 20
1 6
1 786
3.33331

1 18 11
1 4
-1 395
2.63177

1 10 2
3 10
-1 298
2.54116

4 2 20
2 12
-1 49
2.55632

0 1 20
1 11
1 -1381
2.48979

